 7 20
 8 185
 0 252
 2 101
 4 27
 10 298
 3 21
 5 217
 9 198
 1 204
 6 244
 3 21
 0 252
 4 27
 7 20
 5 217
 2 101
 10 298
 1 204
 9 198
 6 244
 8 185
 2 101
 10 298
 1 204
 9 198
 0 252
 6 244
 4 27
 5 217
 3 21
 7 20
 8 185
 2 101
 4 27
 1 204
 10 298
 7 20
 3 21
 5 217
 8 185
 9 198
 0 252
 6 244
 3 21
 4 27
 5 217
 2 101
 0 252
 6 244
 7 20
 9 198
 10 298
 8 185
 1 204
 2 101
 8 185
 3 21
 9 198
 6 244
 0 252
 1 204
 10 298
 4 27
 5 217
 7 20
 7 328
 9 244
 2 256
 3 194
 10 332
 0 308
 5 297
 4 187
 6 143
 8 264
 1 324
